%YAML:1.0
---
camera_matrix: !!opencv-matrix
   rows: 3
   cols: 3
   dt: d
   data: [ 1380.1481934016126, 0., 959.05641531421406, 0.,
       1380.1481934016126, 532.48353282492747, 0., 0., 1. ]
distortion_coefficients: !!opencv-matrix
   rows: 5
   cols: 1
   dt: d
   data: [ 0.075869561006127823, 0.010605629120854863,
       -0.00096836707757300675, -0.0042857515186091244,
       -0.17811756124991662 ]
