%YAML:1.0
---
camera_matrix: !!opencv-matrix
   rows: 3
   cols: 3
   dt: d
   data: [ 1434.6400833035368, 0., 956.46557867702268, 0.,
       1434.6400833035368, 532.09018938979568, 0., 0., 1. ]
distortion_coefficients: !!opencv-matrix
   rows: 5
   cols: 1
   dt: d
   data: [ -0.011267927637594067, 0.39052818637058312,
       0.00079767061101922892, -0.00078390472286400485,
       -0.8631560714979738 ]
